Dist: 27 27
	-26 -26	0 1		1
Dist: 27 -27
	-26 28	0 1		2917
Dist: 27 63
	-26 -62	0 1		1297
Dist: 27 45
	-26 -44	0 1		325
Dist: 27 39
	-26 -38	0 1		145
Dist: 27 33
	-26 -32	0 1		37
Dist: 27 31
	-26 -30	0 1		17
Dist: 27 29
	-26 -28	0 1		5
Dist: 27 28
	-26 -27	0 1		2
Dist: 27 27
	-26 -26	0 1		1
Dist: -27 27
	28 -26	0 1		2917
Dist: -27 -27
	28 28	0 1		1
Dist: -27 -45
	28 46	0 1		325
Dist: -27 -63
	28 64	0 1		1297
Dist: -27 -33
	28 34	0 1		37
Dist: -27 -39
	28 40	0 1		145
Dist: -27 -29
	28 30	0 1		5
Dist: -27 -31
	28 32	0 1		17
Dist: -27 -27
	28 28	0 1		1
Dist: -27 -28
	28 29	0 1		2
Dist: -27 -27
	28 28	0 1		1
Dist: -27 -27
	28 28	0 1		1
d1 and d2: 1 1
1
